
== load 1.0 ==
 f_target   goodput  mean_fid   dl_hit
     0.00     0.518     0.468    0.996
     0.15     0.520     0.469    0.995
     0.30     0.515     0.469    0.996
     0.50     0.515     0.470    0.996
     0.70     0.514     0.471    0.996
     0.85     0.517     0.472    0.996
     1.00     0.513     0.474    0.996

== load 1.5 ==
 f_target   goodput  mean_fid   dl_hit
     0.00     0.489     0.473    0.995
     0.15     0.492     0.474    0.995
     0.30     0.492     0.473    0.996
     0.50     0.485     0.471    0.996
     0.70     0.489     0.473    0.996
     0.85     0.493     0.474    0.996
     1.00     0.490     0.474    0.996
